1,1,4,13/09/2021
2,1,5,08/02/2022
3,1,7,15/08/2021
4,1,4,22/09/2021
5,1,6,14/07/2022
6,1,7,24/10/2021
7,1,10,07/02/2022
8,1,9,06/09/2022
9,1,9,06/05/2022
10,1,3,27/01/2022
11,1,4,28/05/2022
12,1,1,11/12/2021
13,1,1,25/04/2022
14,2,3,27/09/2021
15,2,10,31/07/2022
16,2,6,24/06/2022
17,2,2,26/08/2021
18,2,1,29/08/2021
19,2,8,25/12/2021
20,2,5,07/01/2022
21,2,10,26/02/2022
22,2,7,28/04/2022
23,3,4,02/05/2022
24,3,8,21/09/2022
25,3,9,15/11/2021
26,3,5,05/05/2022
27,3,5,12/06/2022
28,3,10,04/11/2022
29,3,10,24/08/2021
30,3,8,15/07/2022
31,3,8,29/09/2022
32,3,1,07/10/2021
33,3,6,30/07/2021
34,3,10,13/04/2022
35,3,10,28/11/2021
36,3,7,18/10/2022
37,3,5,23/04/2022
38,3,4,06/10/2021
39,3,3,07/10/2021
40,3,2,12/11/2021
41,3,6,01/07/2022
42,4,5,23/07/2021
43,4,8,02/01/2022
44,4,1,05/01/2022
45,4,5,08/08/2022
46,4,10,06/08/2021
47,4,10,27/07/2021
48,4,2,23/10/2022
49,4,8,31/07/2021
50,4,3,14/07/2022
51,4,10,01/09/2022
52,4,9,24/06/2022
53,4,5,05/10/2022
54,4,4,14/09/2022
55,4,8,26/01/2022
56,4,3,24/04/2022
57,5,1,20/06/2022
58,5,2,01/08/2022
59,5,7,10/12/2021
60,5,5,14/07/2022
61,5,3,05/09/2021
62,5,9,08/05/2022
63,6,6,31/03/2022
64,6,4,06/10/2021
65,6,2,30/07/2022
66,6,9,08/07/2022
67,6,8,21/03/2022
68,6,2,10/04/2022
69,6,4,09/04/2022
70,6,7,19/01/2022
71,6,10,18/05/2022
72,7,1,11/05/2022
73,7,9,09/05/2022
74,7,3,22/11/2021
75,7,10,07/05/2022
76,7,8,01/01/2022
77,7,2,10/01/2022
78,7,2,07/03/2022
79,7,4,11/10/2021
80,7,10,17/06/2022
81,8,6,14/06/2022
82,8,7,02/10/2021
83,8,10,23/08/2021
84,8,9,20/12/2021
85,8,1,09/08/2021
86,8,9,10/08/2022
87,8,3,24/07/2021
88,8,10,07/10/2021
89,8,8,20/07/2022
90,8,8,13/07/2022
91,8,6,07/02/2022
92,8,10,13/01/2022
93,9,6,06/10/2022
94,9,4,11/08/2022
95,9,7,03/07/2021
96,9,9,18/08/2022
97,9,10,14/10/2021
98,9,5,04/07/2022
99,9,9,20/12/2021
100,9,10,06/08/2022
101,9,9,27/05/2022
102,10,5,17/09/2022
103,10,6,13/12/2021
104,10,5,11/09/2021
105,10,8,07/03/2022
106,10,1,17/05/2022
107,10,3,27/07/2022
108,10,7,17/09/2022
109,10,5,16/12/2021
110,10,1,05/09/2021
111,10,10,26/07/2022
112,10,7,13/01/2022
113,10,2,02/10/2022
114,10,6,05/03/2022
